2113+4644  24-Jul-13  123000.00   56497.52083333330           141.260061 -0.367 -9.746
    841577782.024488    0.985527729116 gmrt  300   12   150.000                
 -1.11310768382529809e-10  2.14179119621123052e-03  4.15270890658543471e-08
 -1.71764932796469452e-10 -8.48729892580582066e-14  1.65137175363685632e-16
  4.38775459479018464e-20 -3.42217095526591742e-23  2.14541511731949542e-25
 -2.19198723670290333e-27 -4.18190406745130018e-30  3.08081260913917657e-32
2113+4644  24-Jul-13  173000.00   56497.72916666660           141.260061 -0.364 -9.815
    841595522.164976    0.985527729116 gmrt  300   12   150.000                
 -8.83937318065457196e-11  2.11810832720878400e-03 -1.12827188660159442e-07
 -1.22019372983941376e-10  1.58724024199121252e-13  1.32708526103828842e-16
 -1.02183030354214354e-19 -2.09004442201366856e-22  1.63779522093819352e-25
 -4.59942667547240994e-29 -1.39367997716134552e-30  2.40692227895218348e-32
2113+4644  24-Jul-13  223000.00   56497.93749999990           141.260061 -0.349 -9.872
    841613262.287587    0.985527729116 gmrt  300   12   150.000                
 -1.08715764594899531e-10  2.03792888963331932e-03 -1.18374657132544284e-07
  1.10940954629346567e-10  1.67759081082102136e-13 -1.07373729659154306e-16
 -9.88463298217179625e-20  3.58573215017861179e-23 -1.76788656758485437e-25
  1.02368731710614350e-28  3.72158668895037254e-30  5.93234040545827404e-34
2113+4644  25-Jul-13   33000.00   56498.14583333330           141.260061 -0.346 -9.751
    841631002.391472    0.985527729116 gmrt  300   12   150.000                
 -2.73534388743862029e-11  2.00940898648058371e-03  3.34783303216866853e-08
  1.76859653746616760e-10 -7.34542121644838768e-14 -1.68699040132182283e-16
  3.97396225215133928e-20  9.11157820469613041e-23  1.43721705098962731e-25
 -8.04235131848711338e-28 -2.16022120639240066e-30  1.23898988617956603e-32
2113+4644  25-Jul-13   83000.00   56498.35416666660           141.260061 -0.354 -9.990
    841648742.500247    0.985527729116 gmrt  300   12   150.000                
 -9.01055551961162118e-11  2.06347600893121846e-03  1.16267920312489281e-07
 -2.03920372245367813e-11 -2.06524859626906451e-13  2.05831495608427762e-17
  1.36254520584858371e-19 -1.37367238313956935e-23 -1.31930764295125475e-25
 -3.44403100673741160e-28  1.34587885789291350e-30  9.66228746591853382e-33
2113+4644  25-Jul-13  123000.00   56498.52083333330           141.260061 -0.361 -9.722
    841662934.600554    0.985527729116 gmrt  300   12   150.000                
 -1.09062513402635003e-10  2.10528980054538106e-03  3.92854807165271647e-08
 -1.73077540484556341e-10 -8.16176305159706003e-14  1.66559185003184447e-16
  4.30384927555269282e-20 -5.16015198660194386e-23  1.35733615455610733e-25
 -1.91519032766277426e-27 -2.85834438780177795e-30  3.18443610821578573e-32
2113+4644  25-Jul-13  173000.00   56498.72916666660           141.260061 -0.357 -9.855
    841680674.729882    0.985527729116 gmrt  300   12   150.000                
 -2.01912365228075892e-10  2.08027060085146142e-03 -1.14460198203094331e-07
 -1.19505231166187696e-10  1.61298061350340872e-13  1.30571957703869773e-16
 -1.07628307883103194e-19 -2.35812030039716367e-22  1.85337688961012780e-25
  1.27838136030739870e-27 -1.24202446838154183e-30  2.28088521801384676e-33
2113+4644  25-Jul-13  223000.00   56498.93749999990           141.260061 -0.343 -9.886
    841698414.841076    0.985527729116 gmrt  300   12   150.000                
 -1.70706628779186265e-10  1.99993284961197610e-03 -1.17260316280031833e-07
  1.13559641294638852e-10  1.65618615427994587e-13 -1.09336255291428972e-16
 -9.79961831910989629e-20 -9.47955679324442288e-24 -1.43843095775955958e-25
  2.12334765230398587e-27  3.06506179340909023e-30 -3.03815065200261167e-32
2113+4644  26-Jul-13   33000.00   56499.14583333330           141.260061 -0.340 -9.763
    841716154.933711    0.985527729116 gmrt  300   12   150.000                
 -1.11582232205281658e-12  1.97248377064706626e-03  3.53463513464614236e-08
  1.75678886499270008e-10 -7.67362511320005712e-14 -1.68248381266363729e-16
  3.86073907050638895e-20  1.46423157215007499e-22  3.23493861149688361e-25
 -3.03963076649486830e-27 -5.55512615193537675e-30  4.54373938465946130e-32
2113+4644  26-Jul-13   83000.00   56499.35416666660           141.260060 -0.348 -9.904
    841733895.031521    0.985527729116 gmrt  300   12   150.000                
 -2.35669214797410845e-10  2.02706563519097121e-03  1.15795929652543337e-07
 -2.36339097409195312e-11 -2.06028666311915432e-13  2.30866145742614443e-17
  1.29753869311721838e-19  4.11417142682665633e-23  1.22933220964183361e-25
 -2.52502477950465032e-27 -2.45215306105530302e-30  4.11470285591809790e-32
2113+4644  26-Jul-13  123000.00   56499.52083333330           141.260060 -0.355 -9.731
    841748087.123021    0.985527729116 gmrt  300   12   150.000                
  8.15398354130670099e-11  2.06816511460561868e-03  3.70239416860297640e-08
 -1.74335740253546844e-10 -7.83090727077163496e-14  1.67638925773256492e-16
  3.88877264256809204e-20 -6.41571724130006790e-23  1.97600628339973401e-25
 -1.07179980081065425e-27 -3.69760892926780115e-30  1.43967172575816720e-32
2113+4644  26-Jul-13  173000.00   56499.72916666660           141.260060 -0.351 -9.869
    841765827.241002    0.985527729116 gmrt  300   12   150.000                
 -7.39447879852612991e-11  2.04181185388670758e-03 -1.16067633964726623e-07
 -1.16948038846054249e-10  1.63827141320435121e-13  1.27823051119596847e-16
 -1.13020228879141358e-19 -2.28447798557907298e-22  1.97169663851594794e-25
  1.61271790035223282e-27 -8.40043126986601218e-31 -8.52447417580391846e-33
2113+4644  26-Jul-13  223000.00   56499.93749999990           141.260060 -0.337 -9.893
    841783567.340594    0.985527729116 gmrt  300   12   150.000                
 -4.79446304724143139e-11  1.96133492257372002e-03 -1.16119279670883038e-07
  1.16149654187217237e-10  1.63447389900619634e-13 -1.12379152593935603e-16
 -9.77843575536573811e-20  5.18069473097149194e-23 -1.07128228663549501e-25
 -3.00783405068698833e-28  2.54473100827436265e-30  5.32653006093597120e-33
2113+4644  27-Jul-13   33000.00   56500.14583333330           141.260060 -0.333 -9.771
    841801307.421800    0.985527729116 gmrt  300   12   150.000                
 -8.22472778974111922e-12  1.93496019784799135e-03  3.71966672394209980e-08
  1.74443138754532166e-10 -8.00211705141573113e-14 -1.66657049957608137e-16
  4.08929656514068636e-20  8.79564314849638348e-23  3.12919977524956033e-25
 -3.49328049478578929e-28 -5.42061644867583521e-30  2.40600069859251848e-33
2113+4644  27-Jul-13   83000.00   56500.35416666660           141.260060 -0.342 -9.908
    841819047.508464    0.985527729116 gmrt  300   12   150.000                
 -3.09763762387219025e-11  1.99003644308676448e-03  1.15282968098449055e-07
 -2.68773016775320345e-11 -2.05566592891019210e-13  2.74370706919957311e-17
  1.33019320363289183e-19 -6.03934823868930638e-23 -4.23467551010616990e-26
  1.23781521342000128e-27  1.49306285940947704e-31 -1.13637870025409200e-32
2113+4644  27-Jul-13  123000.00   56500.52083333330           141.260060 -0.349 -9.726
    841833239.591007    0.985527729116 gmrt  300   12   150.000                
 -1.22801468524230960e-10  2.03040622315271268e-03  3.47452102837527139e-08
 -1.75542674821752810e-10 -7.50128337486846879e-14  1.68746527491097276e-16
  3.85360213500881142e-20 -7.22995898674019646e-23  8.20236603481043920e-26
 -8.34270411324695716e-28 -1.65154944000651665e-30  1.15679368961664830e-32
2113+4644  27-Jul-13  173000.00   56500.72916666660           141.260060 -0.344 -9.898
    841850979.697450    0.985527729116 gmrt  300   12   150.000                
 -4.20351127320542348e-11  2.00272270932795550e-03 -1.17647127680700060e-07
 -1.14352105343781605e-10  1.66337549061573743e-13  1.25079865610440515e-16
 -1.21504846732852933e-19 -2.15461972684849282e-22  3.44784594711641062e-25
  1.11360104625929951e-27 -2.50619305877312131e-30  1.01112357007840150e-33
2113+4644  27-Jul-13  223000.00   56500.93749999990           141.260060 -0.330 -9.888
    841868719.785255    0.985527729116 gmrt  300   12   150.000                
  9.86175465396117731e-11  1.92212696657471059e-03 -1.14949750634539989e-07
  1.18698572256002206e-10  1.61229633388697234e-13 -1.13739466503292215e-16
 -9.88603472637489855e-20 -4.79211773392443456e-23  2.83674589946882568e-26
  4.06826553572961065e-27 -9.21260987323072051e-33 -6.25486675081424458e-32
2113+4644  28-Jul-13   33000.00   56501.14583333330           141.260060 -0.327 -9.752
    841886459.854850    0.985527729116 gmrt  300   12   150.000                
 -1.16011972150234685e-10  1.89683097853699141e-03  3.90306559450945601e-08
  1.73156582395884975e-10 -8.32952827305714804e-14 -1.65351483013944994e-16
  4.48366034520927633e-20  7.25697264594185748e-23  2.15004663253755425e-25
  3.77073532415153469e-28 -3.78479527414434759e-30 -1.05500817023163671e-32
2113+4644  28-Jul-13   83000.00   56501.35416666660           141.260060 -0.335 -9.938
    841904199.930184    0.985527729116 gmrt  300   12   150.000                
 -7.18989505782015293e-11  1.95238214665937140e-03  1.14730681187903146e-07
 -3.01061937533498504e-11 -2.05005968858481826e-13  3.06541125922418216e-17
  1.32015481230239224e-19 -6.63491790656540133e-23 -4.53736292566623182e-27
  1.31328794867627414e-27 -6.68623300995033698e-31 -1.11331280274788453e-32
2113+4644  28-Jul-13  120000.00   56501.50000000000           141.260060 -0.342 -9.739
    841916617.993982    0.985527729116 gmrt  300   12   150.000                
 -1.25201656848266394e-10  1.98959223092179177e-03  4.79219732493558706e-08
 -1.66583389160774669e-10 -9.65750242348370916e-14  1.60813917725498901e-16
  5.63412097551864834e-20 -6.13039431602070875e-23  4.53287395524544954e-26
 -8.07613709853900079e-28 -1.31359758497610347e-30  9.47851374349515843e-33
2113+4644  28-Jul-13  170000.00   56501.70833333330           141.260060 -0.339 -9.928
    841934358.089427    0.985527729116 gmrt  300   12   150.000                
 -7.14231913424137258e-12  1.96983198472848063e-03 -1.08264769494943340e-07
 -1.30801736176187788e-10  1.48981652519493298e-13  1.39699271447463486e-16
 -8.12254167514444752e-20 -1.68039199279084823e-22  1.06767474543809103e-25
 -1.26674642913356545e-27 -3.03006337452344629e-30  3.70392549979069742e-32
2113+4644  28-Jul-13  220000.00   56501.91666666660           141.260060 -0.324 -9.895
    841952098.167678    0.985527729116 gmrt  300   12   150.000                
 -1.13994391145046528e-10  1.88944120521394128e-03 -1.23771457295268056e-07
  1.01145518501807702e-10  1.75169019550089982e-13 -9.83810685574381291e-17
 -1.10644034295839613e-19  2.74411984582470455e-23  2.30064269161529259e-25
  4.48861665085110741e-28 -3.68770077901101850e-30 -6.39485884254654896e-33
2113+4644  29-Jul-13   30000.00   56502.12500000000           141.260060 -0.320 -9.784
    841969838.226344    0.985527729116 gmrt  300   12   150.000                
 -2.55210223509090553e-11  1.85611602237761180e-03  2.49631278292945263e-08
  1.80707667556682386e-10 -6.13102813227655816e-14 -1.72136994313906072e-16
  3.29058947662396660e-20  8.32019085050571860e-23  1.39621307593914108e-25
 -1.57230469905545839e-28 -2.22105384648850011e-30 -1.26752949329840357e-34
2113+4644  29-Jul-13   80000.00   56502.33333333330           141.260060 -0.328 -9.934
    841987578.288553    0.985527729116 gmrt  300   12   150.000                
 -1.68200131134109968e-10  1.90718569512496132e-03  1.16028913439228248e-07
 -8.56554118764476888e-12 -2.07561450894806091e-13  8.32637536492631570e-18
  1.36378215336717953e-19  4.85719770012218856e-23 -7.54103206193096193e-26
 -2.35801899876026217e-27  6.63615856909466860e-33  3.62774003807042840e-32
2113+4644  29-Jul-13  120000.00   56502.50000000000           141.260060 -0.335 -9.764
    842001770.351488    0.985527729116 gmrt  300   12   150.000                
 -3.06630404451388433e-11  1.95068990594822250e-03  4.57330272417146177e-08
 -1.68078324463439381e-10 -9.33838644956148394e-14  1.62434378670045283e-16
  5.24815521015693841e-20 -8.13980274212460768e-23  1.16817232288577355e-25
 -2.43120740258539521e-28 -2.45040310745933139e-30  3.39482367532579639e-33
2113+4644  29-Jul-13  170000.00   56502.70833333330           141.260060 -0.332 -9.968
    842019510.435052    0.985527729116 gmrt  300   12   150.000                
 -6.84200905397877156e-12  1.92957432922343831e-03 -1.10008062988665910e-07
 -1.28441605501726362e-10  1.51674420434416169e-13  1.38757202765128357e-16
 -8.23055178978894652e-20 -2.57388143971433460e-22 -8.28089558899948364e-26
  2.35978870708546560e-27  6.06421863483709346e-31 -1.80805965105117634e-32
2113+4644  29-Jul-13  220000.00   56502.91666666660           141.260060 -0.317 -9.978
    842037250.501147    0.985527729116 gmrt  300   12   150.000                
 -2.53122883247432150e-11  1.84894382573581048e-03 -1.22776312787096056e-07
  1.03881888642524624e-10  1.73193903976475053e-13 -1.00317371131278999e-16
 -1.07654086004128090e-19 -2.20781241769299125e-23  1.18077151404034647e-25
  2.44215540175087847e-27 -1.42465638934668356e-30 -3.53095923797560555e-32
2113+4644  30-Jul-13   30000.00   56503.12500000000           141.260060 -0.313 -9.802
    842054990.547806    0.985527729116 gmrt  300   12   150.000                
  4.12552667319377596e-11  1.81666338815897419e-03  2.68746516442032504e-08
  1.79718405626646471e-10 -6.46497657560523623e-14 -1.71753955360044704e-16
  3.16364661592034522e-20  1.30510559661982478e-22  2.74887694290448863e-25
 -2.01028774746441165e-27 -4.17242841773753026e-30  2.50383228922531996e-32
2113+4644  30-Jul-13   80000.00   56503.33333333330           141.260060 -0.321 -9.928
    842072730.598301    0.985527729116 gmrt  300   12   150.000                
  2.06686213301235337e-11  1.86831198206568257e-03  1.15694832996571589e-07
 -1.18282673748646818e-11 -2.07332982542471515e-13  1.17280827796554558e-17
  1.33770902272105462e-19  2.83204014596969888e-23  2.71503478126230787e-26
 -1.64320470075484827e-27 -1.50945200481172083e-30  2.60268754223987167e-32
2113+4644  30-Jul-13  120000.00   56503.50000000000           141.260060 -0.328 -9.786
    842086922.651845    0.985527729116 gmrt  300   12   150.000                
  7.44894120397114574e-11  1.91115361550174123e-03  4.35287720906159741e-08
 -1.69519880121120937e-10 -9.01569520330652222e-14  1.63386953049438499e-16
  4.89540370127324615e-20 -5.19684877816204931e-23  1.37233862923274645e-25
 -1.38299098966841462e-27 -2.49146912112311880e-30  1.82276317472879679e-32
2113+4644  30-Jul-13  170000.00   56503.70833333330           141.260060 -0.325 -9.871
    842104662.723339    0.985527729116 gmrt  300   12   150.000                
 -1.38376049367394678e-10  1.88868772314114679e-03 -1.11721149336283220e-07
 -1.26032180245318268e-10  1.54424860885592944e-13  1.36228819357858928e-16
 -9.41343100016354906e-20 -2.04493020210226774e-22  2.07094285406027560e-25
 -1.25975260855678407e-28 -3.30677324197161410e-30  2.29510935510630674e-32
2113+4644  30-Jul-13  220000.00   56503.91666666660           141.260060 -0.310 -9.851
    842122402.777093    0.985527729116 gmrt  300   12   150.000                
 -1.62880353375515907e-10  1.80784050728744709e-03 -1.21746429057287278e-07
  1.06593409597832225e-10  1.71158422468137419e-13 -1.03372651986247760e-16
 -1.04388567847109729e-19  2.36273760546019525e-23  4.09925356024607369e-26
  8.10534297090230166e-28 -4.60547602554576767e-31 -1.28594810353954494e-32
2113+4644  31-Jul-13   30000.00   56504.12500000000           141.260060 -0.306 -9.767
    842140142.811566    0.985527729116 gmrt  300   12   150.000                
  4.19424625335336137e-11  1.77661344478890560e-03  2.87769801773955433e-08
  1.78671011272795853e-10 -6.80066810765246227e-14 -1.69971953728138369e-16
  3.40515110431438698e-20  5.08458646829560645e-23  2.61746053040837134e-25
  1.13937388688643345e-27 -4.08500153969914200e-30 -1.97587217905781910e-32
2113+4644  31-Jul-13   80000.00   56504.33333333330           141.260060 -0.315 -9.980
    842157882.850165    0.985527729116 gmrt  300   12   150.000                
 -7.41459357549114804e-12  1.82882486860340551e-03  1.15325301629696180e-07
 -1.50847506715371420e-11 -2.07083797482832759e-13  1.46377634776591689e-17
  1.35712015798553912e-19  5.26345626177392595e-23 -7.19323619016524791e-26
 -2.80033889116289734e-27  9.51708650867717058e-32  4.52646253308501244e-32
