1810+17    23-Jul-13  180000.00   56496.75000000000            39.659352  0.336 -2.842
  50234460204.770564  601.411516081674  aro  300   12   150.000 0.1265   6.7490
 -2.01493758388425481e-03 -2.52039777978770774e+00 -1.57113025323876269e-02
  1.88783854439543517e-04  1.13576467606522066e-06 -8.18737878376744647e-09
 -3.23349436158282404e-11  1.67905749151887622e-13  4.61601459831730131e-16
 -1.90956744663329582e-18 -3.01437816253849456e-21  1.07202995333642159e-23
1810+17    23-Jul-13  230000.00   56496.95833333330            39.659352  0.336 -2.693
  50245285158.260555  601.411516081674  aro  300   12   150.000 0.5325   6.7490
  2.92978219318636157e-03 -7.24445031562174435e-01  2.37439631285517386e-02
 -7.06409049209545231e-05 -1.71444515665509418e-06  3.04555549040114325e-09
  4.87707334124415526e-11 -6.16768105042581690e-14 -6.94992772091313818e-16
  6.79970090929880671e-19  4.52447751956999053e-21 -3.61036514897487552e-24
1810+17    24-Jul-13   40000.00   56497.16666666660            39.659352  0.350 -2.639
  50256110304.784861  601.411516081674  aro  300   12   150.000 0.9386   6.7490
 -3.36417674416870927e-03 -7.67003425873963085e-01 -2.38688427199395849e-02
 -7.15068500866949551e-05  1.71500597376297028e-06  3.10280265619076497e-09
 -4.89229833266214872e-11 -6.37516867221509828e-14  7.01963106415747668e-16
  7.28353010594940773e-19 -4.62426668927548631e-21 -4.12094996551477463e-24
1810+17    24-Jul-13   90000.00   56497.37500000000            39.659352  0.360 -2.834
  50266935235.629086  601.411516081674  aro  300   12   150.000 0.3446   6.7490
  2.11103888179404661e-03 -2.60999182763190785e+00  1.56702985927002006e-02
  1.89331684381715491e-04 -1.13121219315777020e-06 -8.17759344131879484e-09
  3.22366236344931659e-11  1.66109729332306763e-13 -4.61346359251032143e-16
 -1.84526499839722171e-18  3.02572333052589840e-21  9.93641667315348982e-24
1810+17    24-Jul-13  140000.00   56497.58333333330            39.659352  0.356 -3.372
  50277760295.716131  601.411516081674  aro  300   12   150.000 0.7507   6.7490
 -4.57116066483916061e-05  3.99150268797729857e-01 -2.22095300382551967e-03
 -2.43012932209029964e-04  1.63580413632931528e-07  1.05235710864077196e-08
 -4.58019935223779805e-12 -2.14992877466627110e-13  6.26764782227343026e-17
  2.42242634383767960e-18 -3.78659018634516375e-22 -1.33811365738322204e-23
1810+17    24-Jul-13  173000.00   56497.72916666660            39.659352  0.348 -3.350
  50285337808.626707  601.411516081674  aro  300   12   150.000 0.7347   6.7490
  2.86979913285243904e-04  4.33119909143795501e-01  2.35188622604254202e-04
 -2.44126339071758708e-04 -1.42063136361667160e-08  1.05648495582452088e-08
  4.86959806574495489e-13 -2.15674112903366800e-13 -9.85115341537577761e-18
  2.42566449617507012e-18  9.71258148542854945e-23 -1.33558275676457377e-23
1810+17    24-Jul-13  223000.00   56497.93749999990            39.659352  0.346 -2.898
  50296162874.168800  601.411516081674  aro  300   12   150.000 0.1407   6.7490
 -1.73725488886340707e-03 -2.64639377314552071e+00 -1.40295669329464339e-02
  2.01733348140446648e-04  1.00812128016856256e-06 -8.74859791208879995e-09
 -2.86805779790406446e-11  1.79313519379393576e-13  4.08865201495347478e-16
 -2.03649042184164322e-18 -2.66359644381487344e-21  1.14056995356043122e-23
1810+17    25-Jul-13   33000.00   56498.14583333320            39.659352  0.359 -2.703
  50306987814.869813  601.411516081674  aro  300   12   150.000 0.5467   6.7490
  2.86414830290417088e-03 -6.66087034487482299e-01  2.29668130672660425e-02
 -9.09687189836441197e-05 -1.66172793794937435e-06  3.92865321654148998e-09
  4.72808960408468935e-11 -7.95964548628970323e-14 -6.74030459308301362e-16
  8.78453042737125999e-19  4.39106073508525882e-21 -4.67342033392531780e-24
1810+17    25-Jul-13   83000.00   56498.35416666660            39.659352  0.371 -2.628
  50317812935.365829  601.411516081674  aro  300   12   150.000 0.9528   6.7490
 -3.45742043414713068e-03 -9.88490647210588103e-01 -2.43560531919530671e-02
 -5.04027965893349099e-05  1.75481102213455868e-06  2.19121543431200890e-09
 -5.00661460792752382e-11 -4.50169722854871172e-14  7.18529516580507033e-16
  5.14128012027498108e-19 -4.73525189341255458e-21 -2.90711576900455487e-24
1810+17    25-Jul-13  133000.00   56498.56249999990            39.659352  0.367 -2.801
  50328637845.685930  601.411516081674  aro  300   12   150.000 0.3588   6.7490
  2.28196168847818667e-03 -2.53559811673647495e+00  1.73975854935701224e-02
  1.74848855735219356e-04 -1.24998918892032147e-06 -7.55343356873629097e-09
  3.56013842976158776e-11  1.53362033885366156e-13 -5.08940140544431976e-16
 -1.70169496235104736e-18  3.33156727466616814e-21  9.14396805056072495e-24
1810+17    25-Jul-13  173000.00   56498.72916666660            39.659352  0.359 -2.680
  50337297839.847377  601.411516081674  aro  300   12   150.000 0.4834   6.7490
  3.01738205412566823e-03 -1.31994286919969528e+00  2.49049868152342938e-02
  3.58149514921126528e-06 -1.79074359219943371e-06 -1.58217242289031894e-10
  5.09225697873543026e-11  3.24977202800658121e-15 -7.25183699109076573e-16
 -3.70609700317067670e-20  4.71569773271477629e-21  2.09023215661576195e-25
1810+17    25-Jul-13  223000.00   56498.93749999990            39.659352  0.357 -2.713
  50348122965.497664  601.411516081674  aro  300   12   150.000 0.8894   6.7490
 -2.80405480377101182e-03 -3.27634113016405659e-01 -2.04829389882672137e-02
 -1.39154029058032676e-04  1.47409011374893470e-06  6.03044341464031015e-09
 -4.20236314054987574e-11 -1.23832599533739912e-13  6.02000106397697836e-16
  1.41286789169202028e-18 -3.95484588710278231e-21 -7.97561753619418245e-24
1810+17    26-Jul-13   33000.00   56499.14583333320            39.659352  0.370 -3.003
  50358947911.649730  601.411516081674  aro  300   12   150.000 0.2955   6.7490
  1.38385170347853949e-03 -2.90784268058116435e+00  9.00311670398945031e-03
  2.27075403023273097e-04 -6.56425698274937916e-07 -9.81931891437943234e-09
  1.87617326260209050e-11  1.99840629075981408e-13 -2.70261145809393001e-16
 -2.23057026010141144e-18  1.79230421785366999e-21  1.21158288948497324e-23
1810+17    26-Jul-13   83000.00   56499.35416666660            39.659352  0.382 -3.134
  50369772919.612682  601.411516081674  aro  300   12   150.000 0.7015   6.7490
  9.49098308293296923e-04  2.72592410921438655e-01  5.31212718259132816e-03
 -2.38216929646940453e-04 -3.85785697991271829e-07  1.03114844078893552e-08
  1.10691449641617225e-11 -2.10171715318998515e-13 -1.60947608958520830e-16
  2.35456387287951944e-18  1.08416002158706610e-21 -1.28745869860618744e-23
1810+17    26-Jul-13  133000.00   56499.56249999990            39.659352  0.378 -2.780
  50380597968.167699  601.411516081674  aro  300   12   150.000 0.1076   6.7490
 -2.36724197852946835e-03 -2.53229278598767804e+00 -1.78925293134806034e-02
  1.68983456647917631e-04  1.29415053068502323e-06 -7.32532880449107871e-09
 -3.68672608660641624e-11  1.50331586854040891e-13  5.27087306154937374e-16
 -1.71266886529124706e-18 -3.45090967659263618e-21  9.64361911447424146e-24
1810+17    26-Jul-13  173000.00   56499.72916666660            39.659352  0.369 -3.375
  50389257930.345412  601.411516081674  aro  300   12   150.000 0.2321   6.7490
  1.88881273986343497e-04 -3.02181976237222427e+00 -5.10306232339964951e-04
  2.43925604510091242e-04  3.94400030543837491e-08 -1.05612908511233182e-08
 -1.04115175561139866e-12  2.15565600579799128e-13  1.19968610733671968e-17
 -2.42339490763367356e-18 -4.59180863418089732e-23  1.33331521010051793e-23
1810+17    26-Jul-13  223000.00   56499.93749999990            39.659352  0.368 -2.858
  50400082905.514438  601.411516081674  aro  300   12   150.000 0.6382   6.7490
  1.99141609758489088e-03  5.23166443378236534e-02  1.42729211642699250e-02
 -1.99551973305273984e-04 -1.03240184759420704e-06  8.62116473201777374e-09
  2.94429920565527543e-11 -1.75217599027127015e-13 -4.22082939557711684e-16
  1.94915451424414461e-18  2.77630377642828731e-21 -1.05226007784312741e-23
1810+17    27-Jul-13   33000.00   56500.14583333320            39.659352  0.381 -2.653
  50410907994.582920  601.411516081674  aro  300   12   150.000 0.0442   6.7490
 -3.24998525189991450e-03 -1.98094654666261771e+00 -2.33068470465011626e-02
  8.75658235072013203e-05  1.67427997545733648e-06 -3.79886317362825706e-09
 -4.77496518874256520e-11  7.81153750336057323e-14  6.84747382103801130e-16
 -8.94183644794068106e-19 -4.50660337099209416e-21  5.07576384666347533e-24
1810+17    27-Jul-13   83000.00   56500.35416666660            39.659352  0.392 -2.689
  50421732872.618444  601.411516081674  aro  300   12   150.000 0.4503   6.7490
  2.95589402078010738e-03 -1.79137027145178651e+00  2.42081560941582140e-02
  5.43231677898057123e-05 -1.74606566846694753e-06 -2.34146877167280723e-09
  4.96595662901280821e-11  4.74767416499012107e-14 -7.07344300765694118e-16
 -5.25088130963144916e-19  4.60137336863295601e-21  2.80465598153183371e-24
1810+17    27-Jul-13  133000.00   56500.56249999990            39.659352  0.388 -2.800
  50432557951.172165  601.411516081674  aro  300   12   150.000 0.8563   6.7490
 -2.24959838249486760e-03 -1.72558108488806927e-01 -1.69918693851009474e-02
 -1.77653696124879096e-04  1.22926754845134812e-06  7.70462847787584273e-09
 -3.50192524007438684e-11 -1.58075579703017025e-13  5.00674676739330375e-16
  1.79973982388179613e-18 -3.27808626163820268e-21 -1.01227975774432603e-23
1810+17    27-Jul-13  173000.00   56500.72916666660            39.659352  0.380 -2.618
  50441217962.318249  601.411516081674  aro  300   12   150.000 0.9809   6.7490
 -3.54394672242672182e-03 -1.31928646036339048e+00 -2.48026898617468988e-02
 -7.58805624747921358e-06  1.79267333421173965e-06  3.25544329973782769e-10
 -5.11537024703665202e-11 -6.65059567879429831e-15  7.34268477102928220e-16
  7.49661495617876986e-20 -4.84043879184147920e-21 -4.14388202415090573e-25
1810+17    27-Jul-13  223000.00   56500.93749999990            39.659352  0.379 -2.750
  50452042856.307030  601.411516081674  aro  300   12   150.000 0.3869   6.7490
  2.56995869722684636e-03 -2.35067763063289847e+00  2.01653449536281781e-02
  1.41889450437262193e-04 -1.45651852599111952e-06 -6.13442462745816884e-09
  4.14596467906263517e-11  1.24458673886258633e-13 -5.91701304241822029e-16
 -1.37834301035849019e-18  3.86218034945580148e-21  7.38037440257603251e-24
1810+17    28-Jul-13   33000.00   56501.14583333320            39.659352  0.392 -3.098
  50462867913.831676  601.411516081674  aro  300   12   150.000 0.7930   6.7490
 -9.62221986841033453e-04  1.67228730272224041e-01 -8.81462909940782663e-03
 -2.28598636042064878e-04  6.28103619868509009e-07  9.90456257785518673e-09
 -1.78272023565763512e-11 -2.02730980504765144e-13  2.52811289329712752e-16
  2.29493965003170373e-18 -1.63191969103706854e-21 -1.27808671901082932e-23
1810+17    28-Jul-13   83000.00   56501.35416666660            39.659352  0.403 -3.250
  50473692882.733315  601.411516081674  aro  300   12   150.000 0.1990   6.7490
 -5.13029373758442514e-04 -3.09843017984096658e+00 -5.73772518054007936e-03
  2.37674502407756485e-04  4.11036832877009340e-07 -1.02879451260316997e-08
 -1.16299611238382253e-11  2.10312163401538238e-13  1.63629648602670979e-16
 -2.37348420181147683e-18 -1.04147888060332659e-21  1.31478528307097322e-23
1810+17    28-Jul-13  133000.00   56501.56249999990            39.659352  0.399 -2.780
  50484517799.326369  601.411516081674  aro  300   12   150.000 0.6050   6.7490
  2.39984223631366581e-03 -2.91030661120543932e-01  1.82867540189720068e-02
 -1.65831968337004214e-04 -1.31394676708161327e-06  7.16708156515223832e-09
  3.74233604612455637e-11 -1.45476503920479085e-13 -5.34999547907862485e-16
  1.61302307314230062e-18  3.50231547636417407e-21 -8.65595938955867334e-24
1810+17    28-Jul-13  173000.00   56501.72916666660            39.659352  0.391 -3.323
  50493177823.241020  601.411516081674  aro  300   12   150.000 0.7296   6.7490
  3.91046213903837713e-04  2.78690536396781319e-01  1.02040538153248968e-03
 -2.43945059916488596e-04 -7.10157757175201900e-08  1.05558195074096348e-08
  2.10539133545371364e-12 -2.15436359826842419e-13 -3.29920393118050281e-17
  2.42154582850718324e-18  2.48659293301938439e-22 -1.33191727960765104e-23
1810+17    28-Jul-13  223000.00   56501.93749999990            39.659352  0.390 -2.877
  50504002845.755396  601.411516081674  aro  300   12   150.000 0.1356   6.7490
 -1.83781826280066465e-03 -2.77143136836456438e+00 -1.46797944590563584e-02
  1.97274854871707490e-04  1.05471118208201963e-06 -8.55572572397168015e-09
 -3.00122431647059069e-11  1.75395121858596617e-13  4.28070947184677652e-16
 -1.99297270133246051e-18 -2.79124658025591257e-21  1.11715450687549144e-23
1810+17    29-Jul-13   33000.00   56502.14583333320            39.659352  0.403 -2.699
  50514827737.246185  601.411516081674  aro  300   12   150.000 0.5417   6.7490
  2.88953525490372176e-03 -8.73471339652702516e-01  2.32505712423417658e-02
 -8.37222440610915634e-05 -1.68204891127445204e-06  3.61587561824314909e-09
  4.78554934293647951e-11 -7.32483216780998450e-14 -6.82110787398885595e-16
  8.08089081573771534e-19  4.44247616287952463e-21 -4.29609729361793834e-24
1810+17    29-Jul-13   83000.00   56502.35416666660            39.659352  0.414 -2.631
  50525652811.098353  601.411516081674  aro  300   12   150.000 0.9477   6.7490
 -3.42751940660407373e-03 -1.09090744585044730e+00 -2.41738150962057113e-02
 -5.79799483727219084e-05  1.74205515283180241e-06  2.51998060347349435e-09
 -4.97005295078812014e-11 -5.17748938801231246e-14  7.13225929458972072e-16
  5.91425193953883803e-19 -4.69969783869557274e-21 -3.34533118488240613e-24
1810+17    29-Jul-13  133000.00   56502.56249999990            39.659352  0.409 -2.812
  50536477677.202544  601.411516081674  aro  300   12   150.000 0.3538   6.7490
  2.22251979644072853e-03 -2.72435923479116937e+00  1.68240349147318058e-02
  1.80172658324826248e-04 -1.20850852966690893e-06 -7.78413414787855900e-09
  3.44248308480850100e-11  1.58070130390502825e-13 -4.92298652982662749e-16
 -1.75462340405874053e-18  3.22466322885129887e-21  9.43524500021022825e-24
1810+17    29-Jul-13  173000.00   56502.72916666660            39.659352  0.401 -2.680
  50545137633.688191  601.411516081674  aro  300   12   150.000 0.4783   6.7490
  3.01425389238513253e-03 -1.52572458980224313e+00  2.48773691570592856e-02
  1.13471072678015273e-05 -1.78894377672593933e-06 -4.93805575637685848e-10
  5.08710869254310267e-11  1.00477535540578557e-14 -7.24444051634123151e-16
 -1.12051009426101129e-19  4.71084733812394777e-21  6.07633308007173949e-25
1810+17    29-Jul-13  223000.00   56502.93749999990            39.659353  0.400 -2.724
  50555962712.245986  601.411516081674  aro  300   12   150.000 0.8844   6.7490
 -2.72719094025243927e-03 -4.38482930136138926e-01 -2.00249353902977809e-02
 -1.45486621495005398e-04  1.44066813620779164e-06  6.30493518967667187e-09
 -4.10659582580182606e-11 -1.29453589351509955e-13  5.88131836978685825e-16
  1.47658564732244922e-18 -3.86208310339266190e-21 -8.33137378826998906e-24
1810+17    30-Jul-13   33000.00   56503.14583333320            39.659353  0.413 -3.027
  50566787614.489310  601.411516081674  aro  300   12   150.000 0.2904   6.7490
  1.29738560020635670e-03 -3.08277250784727164e+00  8.26030826607729828e-03
  2.29823105609282155e-04 -6.02830249889821355e-07 -9.93841795086122681e-09
  1.72386450741384759e-11  2.02307105141771995e-13 -2.48611306537802611e-16
 -2.25931793668801984e-18  1.65198884548844796e-21  1.22840312581916943e-23
1810+17    30-Jul-13   83000.00   56503.35416666660            39.659353  0.424 -3.103
  50577612572.452465  601.411516081674  aro  300   12   150.000 0.6964   6.7490
  1.04460405976692684e-03  1.06634575585211319e-01  6.09221640097912590e-03
 -2.36408553734761105e-04 -4.41570236334247683e-07  1.02324106794164613e-08
  1.26556762291204717e-11 -2.08508312485010100e-13 -1.83555848913799327e-16
  2.33452343568106220e-18  1.23135046122260649e-21 -1.27513526575817739e-23
1810+17    30-Jul-13  133000.00   56503.56249999990            39.659353  0.420 -2.765
  50588437578.493385  601.411516081674  aro  300   12   150.000 0.1025   6.7490
 -2.45548768091541705e-03 -2.64313692956078183e+00 -1.84318746912746079e-02
  1.63240450090012260e-04  1.33326769998113758e-06 -7.07698310155671323e-09
 -3.79867910662365701e-11  1.45260348603509281e-13  5.43275143122377542e-16
 -1.65561025833906354e-18 -3.55897306572618834e-21  9.32929083743831801e-24
