B0655+64    9-Jun-14   90000.00   56817.37500000000             8.771158  0.257 -8.510
   3537482342.652047    5.110620788131  aro  300   12   327.000 0.9753   0.9721
  8.03127922456223220e-10 -3.43134241821260342e-03 -1.89039639141319138e-04
 -1.34762654445714143e-08  2.83643830821895875e-10  1.13041476547014526e-14
 -1.70239214927724687e-16 -3.61654203667393475e-21  5.43843241513180030e-23
  8.07777316721770163e-27  1.50301706756451161e-30 -1.29527040928390791e-31
B0655+64    9-Jun-14  140000.00   56817.58333333330             8.771158  0.254 -8.563
   3537574317.623043    5.110620788131  aro  300   12   327.000 0.1778   0.9721
  9.71172175610792582e-10 -9.18083937848353238e-02 -6.47229742072539518e-05
  2.51328684463929427e-07  9.69020842642157926e-11 -2.25439998766868584e-13
 -5.73012754171845478e-17  9.61607411027431001e-20  1.64496586809401478e-23
 -4.30495219046473566e-26  7.15858107213092691e-30  2.28833660991468600e-31
B0655+64    9-Jun-14  190000.00   56817.79166666660             8.771158  0.256 -8.667
   3537666282.432387    5.110620788131  aro  300   12   327.000 0.3803   0.9721
 -2.21593861955606680e-09 -6.17798795448029348e-02  1.51011922494378894e-04
  1.61770189742408863e-07 -2.25710193623391915e-10 -1.45735310740031795e-13
  1.34177742587399409e-16  6.31380121044800385e-20 -4.13124205669668727e-23
 -2.60201982711391182e-26  4.20048286557706454e-30  1.01034458113955874e-31
B0655+64   10-Jun-14       0.00   56818.00000000000             8.771158  0.257 -8.390
   3537758270.957683    5.110620788131  aro  300   12   327.000 0.5829   0.9721
 -1.38032308738371412e-09  4.44225627340249854e-02  1.53930070674146533e-04
 -1.56409502673352311e-07 -2.31054473081581292e-10  1.40378563410821459e-13
  1.39667751046207419e-16 -5.88173624112598431e-20 -4.57287098612756683e-23
 -1.58902536669992536e-26  3.00954318389915296e-31  4.09751308276123413e-31
B0655+64   10-Jun-14   50000.00   56818.20833333330             8.771159  0.254 -8.628
   3537850283.644959    5.110620788131  aro  300   12   327.000 0.7854   0.9721
 -1.87085142684803238e-09  7.69434095574588056e-02 -6.05794912784950754e-05
 -2.53982597792214298e-07  9.12776773376074634e-11  2.29151632312512407e-13
 -5.54806041239347367e-17 -9.98393388619568024e-20  2.07649196341513266e-23
  3.73606868302469878e-26 -3.50830711990071526e-29 -8.97050261835790315e-32
B0655+64   10-Jun-14   90000.00   56818.37500000000             8.771159  0.245 -8.535
   3537923888.520723    5.110620788131  aro  300   12   327.000 0.9474   0.9721
  7.18163906381769079e-10  1.24371300560660019e-02 -1.84504066920738395e-04
 -6.00096134634778123e-08  2.77010944112075358e-10  5.32469334674767355e-14
 -1.66682096885975911e-16 -2.12864859115120814e-20  5.47728470400112547e-23
 -5.44486140304198020e-27 -1.45093807087606678e-29  1.37746462121991641e-31
B0655+64   10-Jun-14  140000.00   56818.58333333330             8.771159  0.243 -8.591
   3538015867.450960    5.110620788131  aro  300   12   327.000 0.1499   0.9721
  1.30444818770454607e-09 -8.48388003035363408e-02 -9.47908803731129169e-05
  2.31569278535628937e-07  1.41875780192553067e-10 -2.07893557197542277e-13
 -8.40014600223260136e-17  8.88771024068755094e-20  2.40563740026163298e-23
 -3.52275335415522295e-26  1.71622877942337744e-29  1.28573919656585550e-31
B0655+64   10-Jun-14  190000.00   56818.79166666660             8.771159  0.244 -8.630
   3538107831.498017    5.110620788131  aro  300   12   327.000 0.3524   0.9721
 -2.08778419888682593e-09 -7.30291831364349858e-02  1.28749610724067804e-04
  1.96496864321613300e-07 -1.92319519579715782e-10 -1.76679138779125656e-13
  1.14109792930831115e-16  7.55375313455275584e-20 -3.42607156322904349e-23
 -1.22668271667222392e-26 -6.10866935965976921e-30 -1.62498424398819378e-31
B0655+64   11-Jun-14       0.00   56819.00000000000             8.771160  0.246 -8.437
   3538199815.766331    5.110620788131  aro  300   12   327.000 0.5550   0.9721
 -4.59161650216179107e-10  3.13270988345513354e-02  1.70918667796410664e-04
 -1.15994997746605164e-07 -2.56438630763126427e-10  1.03771578969129092e-13
  1.54646006050609625e-16 -4.29182061397128570e-20 -4.83932850286720542e-23
 -1.25769195422272886e-26 -3.10772959743634098e-29  3.08652069890015819e-31
B0655+64   11-Jun-14   50000.00   56819.20833333330             8.771160  0.242 -8.620
   3538291826.864649    5.110620788131  aro  300   12   327.000 0.7575   0.9721
 -9.38687947602554265e-10  8.10195967693032038e-02 -2.82880514423717527e-05
 -2.65164191019779843e-07  4.27091308410334990e-11  2.39338706459734844e-13
 -2.59761558351108318e-17 -1.04421827560965195e-19  1.04100457370024310e-23
  3.91132340845985255e-26 -2.39458373962436448e-29 -9.52047385973033284e-32
B0655+64   11-Jun-14   90000.00   56819.37500000000             8.771160  0.233 -8.516
   3538365434.276407    5.110620788131  aro  300   12   327.000 0.9195   0.9721
 -8.42694495781226571e-10  2.76957296562033960e-02 -1.74298782767895618e-04
 -1.04734925940955663e-07  2.61849520238042586e-10  9.36588054606280586e-14
 -1.57915593017508817e-16 -3.89105330590913480e-20  5.22087572076239218e-23
  9.58939308078818246e-28 -1.17340331514936325e-29  9.29922665541399483e-32
B0655+64   11-Jun-14  140000.00   56819.58333333330             8.771160  0.231 -8.621
   3538457417.472980    5.110620788131  aro  300   12   327.000 0.1220   0.9721
  1.46556917675951665e-09 -7.54971815235067206e-02 -1.21960913599279729e-04
  2.04715498377616682e-07  1.82558309225088162e-10 -1.84017248089118031e-13
 -1.08289179068298811e-16  7.93010555078726692e-20  3.26792553860787272e-23
 -4.22604241615477284e-26 -9.71198853958147492e-31  2.83211238640703283e-31
B0655+64   11-Jun-14  190000.00   56819.79166666660             8.771161  0.232 -8.602
   3538549381.520425    5.110620788131  aro  300   12   327.000 0.3245   0.9721
 -2.18998484180065595e-09 -8.22687120625889556e-02  1.02547596908626889e-04
  2.25204893521259278e-07 -1.53082065275605826e-10 -2.02226202177084331e-13
  9.06741685708986752e-17  8.63608015267519942e-20 -2.60102922369681491e-23
 -2.94346235715573972e-26 -2.19487525349066666e-29  6.67044284768771518e-32
B0655+64   12-Jun-14       0.00   56820.00000000000             8.771161  0.234 -8.486
   3538641361.675217    5.110620788131  aro  300   12   327.000 0.5271   0.9721
 -3.38198178229803803e-10  1.70439866923915266e-02  1.82663729525189047e-04
 -7.20326538326937969e-08 -2.73915608854692401e-10  6.40396491636206232e-14
  1.64829256472875880e-16 -2.59010055888453309e-20 -5.22076443331358765e-23
 -5.15738352100942690e-27 -1.46384404724398940e-29  1.47876625201323393e-31
B0655+64   12-Jun-14   50000.00   56820.20833333330             8.771161  0.231 -8.619
   3538733370.505448    5.110620788131  aro  300   12   327.000 0.7296   0.9721
 -1.43595089470297324e-09  8.23856283798810179e-02  4.88383054373939548e-06
 -2.68187230157151272e-07 -7.19621443600692468e-12  2.42086038350729881e-13
  4.36869839935473339e-18 -1.05434800092011863e-19 -9.45169710269156499e-26
  3.07581698903950865e-26 -1.70058739712983801e-29  3.67661435655067199e-32
B0655+64   12-Jun-14   90000.00   56820.37500000000             8.771161  0.222 -8.470
   3538806979.956210    5.110620788131  aro  300   12   327.000 0.8916   0.9721
 -9.60491947804044399e-10  4.18875779015200345e-02 -1.58734388557671798e-04
 -1.46276296128976589e-07  2.38608860859879636e-10  1.31273272564842227e-13
 -1.44210777642053031e-16 -5.52036049223545328e-20  4.85544833444655981e-23
 -3.29300132603271625e-27 -1.89618876740093968e-29  2.09310264264722078e-31
B0655+64   12-Jun-14  140000.00   56820.58333333330             8.771162  0.219 -8.659
   3538898967.598878    5.110620788131  aro  300   12   327.000 0.0941   0.9721
  7.27445461181676356e-10 -6.40582673507698597e-02 -1.45402234274766864e-04
  1.71581528536077454e-07  2.17710293113408270e-10 -1.54503427995332429e-13
 -1.29394199865921134e-16  6.70611860255515267e-20  3.99272450247195657e-23
 -3.76139430114279999e-26 -8.42515497434185978e-30  2.78165685418759026e-31
B0655+64   12-Jun-14  190000.00   56820.79166666660             8.771162  0.221 -8.573
   3538990932.412561    5.110620788131  aro  300   12   327.000 0.2966   0.9721
 -1.97178915735266372e-09 -8.92054986408958028e-02  7.32081693211814055e-05
  2.47025174887063432e-07 -1.09195079270648783e-10 -2.21617203289230990e-13
  6.45993459137682896e-17  9.41446795411653925e-20 -1.80064754592864332e-23
 -2.48910441837040152e-26 -2.18780470671045040e-29 -4.13443787782504690e-32
B0655+64   13-Jun-14       0.00   56821.00000000000             8.771162  0.222 -8.522
   3539082908.726489    5.110620788131  aro  300   12   327.000 0.4992   0.9721
 -6.22271288316933457e-11  2.02248988228962865e-03  1.88808919541430168e-04
 -2.58760249949677749e-08 -2.82966628473673913e-10  2.24207649305919456e-14
  1.69873984334121385e-16 -8.09911320675020502e-21 -5.36501901953750735e-23
 -1.83888957864118719e-27 -8.94654629697814725e-30  3.12281553885533200e-32
B0655+64   13-Jun-14   50000.00   56821.20833333330             8.771162  0.219 -8.628
   3539174914.682559    5.110620788131  aro  300   12   327.000 0.7017   0.9721
 -1.18687722844290633e-09  8.10110103601459769e-02  3.79164381821204242e-05
 -2.62959257227337474e-07 -5.68883708351426390e-11  2.37310378887061992e-13
  3.45536282668319849e-17 -1.03183417093593045e-19 -9.44012189929571944e-24
  2.68267955604671299e-26 -2.94484065791242060e-29  8.82302862563617401e-32
B0655+64   13-Jun-14   90000.00   56821.37500000000             8.771163  0.210 -8.414
   3539248525.615453    5.110620788131  aro  300   12   327.000 0.8637   0.9721
 -1.84389783476623936e-09  5.45884650026555521e-02 -1.38286504725293214e-04
 -1.83353320221138052e-07  2.07990576275279808e-10  1.64909435790818020e-13
 -1.25943771766619354e-16 -6.97394957843248575e-20  4.30795346315720033e-23
 -1.20048438643302474e-26 -2.28367568330544478e-29  3.77286422157674733e-31
B0655+64   13-Jun-14  140000.00   56821.58333333330             8.771163  0.207 -8.702
   3539340517.751127    5.110620788131  aro  300   12   327.000 0.0662   0.9721
  2.67236519480192058e-10 -5.08608510995349344e-02 -1.64397191442699169e-04
  1.33173324836955434e-07  2.46255325177942777e-10 -1.20224647502493031e-13
 -1.46689880888370897e-16  5.27551954596916428e-20  4.66034723806161080e-23
 -3.06141054583497901e-26 -2.32850609772338922e-29  2.10099237911166949e-31
B0655+64   13-Jun-14  190000.00   56821.79166666660             8.771163  0.209 -8.555
   3539432484.076703    5.110620788131  aro  300   12   327.000 0.2688   0.9721
 -2.17328045165089689e-09 -9.36169616322111153e-02  4.16284717021036553e-05
  2.61298354780632554e-07 -6.19911738424642438e-11 -2.34295142997174912e-13
  3.66475699800598965e-17  9.94216294117562044e-20 -1.00685810162783809e-23
 -3.04417196610131313e-26 -1.35707190846377076e-29  2.13348903394813307e-32
B0655+64   14-Jun-14       0.00   56822.00000000000             8.771163  0.210 -8.521
   3539524456.943216    5.110620788131  aro  300   12   327.000 0.4713   0.9721
  8.84929484508065189e-10 -1.32657567187703281e-02  1.89170131435713041e-04
  2.10573535841965868e-08 -2.83335438690457833e-10 -1.97951294645616966e-14
  1.69675384696075851e-16  9.72144573028512309e-21 -5.25339139304409915e-23
  2.75242294994725300e-27 -2.15209598809458686e-29 -8.19245004491370869e-32
B0655+64   14-Jun-14   50000.00   56822.20833333330             8.771164  0.207 -8.647
   3539616459.510706    5.110620788131  aro  300   12   327.000 0.6738   0.9721
 -5.97219422136460731e-10  7.69495877210373269e-02  6.97946110448983173e-05
 -2.49644026415897092e-07 -1.04825223708321483e-10  2.25169992063598108e-13
  6.36465975367381695e-17 -9.80198941389033784e-20 -1.93995259162416821e-23
  4.02654803715559588e-26 -2.37265999419135865e-29 -1.54311785416318597e-31
B0655+64   14-Jun-14   90000.00   56822.37500000000             8.771164  0.198 -8.362
   3539690071.326099    5.110620788131  aro  300   12   327.000 0.8358   0.9721
 -2.47721299224436253e-09  6.54199173684294477e-02 -1.13581387192538769e-04
 -2.14821320921727209e-07  1.70929213946382434e-10  1.93509690622539384e-13
 -1.03684606593909248e-16 -8.25492016503992555e-20  3.68795183511744627e-23
 -6.20792239241853503e-27 -3.80189014249206667e-29  3.46723758719603126e-31
B0655+64   14-Jun-14  140000.00   56822.58333333330             8.771164  0.196 -8.739
   3539782067.867391    5.110620788131  aro  300   12   327.000 0.0383   0.9721
  4.16024639217360548e-10 -3.62974984422557920e-02 -1.78363286594242085e-04
  9.06589030627513608e-08  2.67311813914706311e-10 -8.21991699637729991e-14
 -1.59585773616056366e-16  3.69069606664885302e-20  5.06505540109377711e-23
 -3.12084563185562294e-26 -1.67877274538751483e-29  2.87473641506048906e-31
B0655+64   14-Jun-14  190000.00   56822.79166666660             8.771164  0.197 -8.547
   3539874036.407567    5.110620788131  aro  300   12   327.000 0.2409   0.9721
 -2.38961986533976897e-09 -9.53576303604482256e-02  8.77324028295871713e-06
  2.67593860180878435e-07 -1.28988760119030541e-11 -2.39887284365072468e-13
  7.58302926187734901e-18  1.01593138095129185e-19 -5.14956419185086981e-26
 -2.70091750722927814e-26 -3.36603850873267809e-29 -3.36175954391892286e-32
B0655+64   15-Jun-14       0.00   56823.00000000000             8.771165  0.198 -8.491
   3539966006.328831    5.110620788131  aro  300   12   327.000 0.4434   0.9721
  1.19987543945737629e-09 -2.83412441689509069e-02  1.83740673518757882e-04
  6.73298439385708922e-08 -2.75033209755670917e-10 -6.13167186953619128e-14
  1.64336754343892445e-16  2.71218775557616689e-20 -5.18115527042713881e-23
  6.88396853505959613e-27  3.90532033720457859e-30 -2.02521427467211266e-31
B0655+64   15-Jun-14   50000.00   56823.20833333330             8.771165  0.195 -8.670
   3540058005.100725    5.110620788131  aro  300   12   327.000 0.6459   0.9721
 -1.54435374633953709e-09  7.03378347568195533e-02  9.95392473062556169e-05
 -2.28656085960916259e-07 -1.49521476243893108e-10  2.06048864805593787e-13
  9.07132095840313399e-17 -8.92445532081616003e-20 -2.92798769484896408e-23
  3.17135811599196519e-26 -7.90671600248097911e-30 -6.81563548390640792e-32
B0655+64   15-Jun-14   83000.00   56823.35416666660             8.771165  0.186 -8.296
   3540122415.765128    5.110620788131  aro  300   12   327.000 0.7877   0.9721
 -4.24046406262467215e-09  7.85232611644057221e-02 -6.31681466397516946e-05
 -2.53149991086478286e-07  9.51743250027013150e-11  2.28395552991904573e-13
 -5.78143218722181634e-17 -9.79984729483904942e-20  2.02255308087422542e-23
 -8.09331039287010709e-27 -1.19343522236392996e-29  4.22715078650455431e-31
B0655+64   15-Jun-14  133000.00   56823.56249999990             8.771165  0.184 -8.767
   3540214419.240010    5.110620788131  aro  300   12   327.000 0.9902   0.9721
  2.44190410513683842e-10 -9.49835419624735049e-03 -1.89428793814859579e-04
  1.14239175427281407e-08  2.84177219704249707e-10 -1.10895555900836756e-14
 -1.70387181686960639e-16  5.99081536486288113e-21  5.60233906123899489e-23
  5.26419146260544195e-27 -3.35275717784895261e-29 -1.32284136198372234e-31
B0655+64   15-Jun-14  183000.00   56823.77083333320             8.771165  0.185 -8.551
   3540306392.980037    5.110620788131  aro  300   12   327.000 0.1927   0.9721
 -1.16810426034532483e-09 -9.21897380690559626e-02 -4.80077955441701143e-05
  2.59201247582657833e-07  7.19453470816523974e-11 -2.32455440688726173e-13
 -4.25926606800335260e-17  9.89902347228446520e-20  1.44717756103520663e-23
 -4.31421346161146331e-26 -2.49301664147029601e-29  2.28621702341061440e-31
B0655+64   15-Jun-14  233000.00   56823.97916666660             8.771166  0.186 -8.398
   3540398359.183836    5.110620788131  aro  300   12   327.000 0.3953   0.9721
  1.03158003330900555e-09 -5.27641631717310419e-02  1.61287579894940338e-04
  1.41538022491559378e-07 -2.41166805474080774e-10 -1.27698759390011346e-13
  1.43582589006583971e-16  5.47266003623180316e-20 -4.61794898202729600e-23
  6.82098826330660961e-27  2.92852715167577999e-29 -2.65865271781030210e-31
B0655+64   16-Jun-14   43000.00   56824.18749999990             8.771166  0.184 -8.726
   3540490350.715972    5.110620788131  aro  300   12   327.000 0.5978   0.9721
 -1.16793577912242819e-09  5.32957594957695832e-02  1.43224761356411709e-04
 -1.76335009974985853e-07 -2.15059124756275379e-10  1.58487145543848248e-13
  1.30159853604506888e-16 -6.80619929376435420e-20 -4.37415908057595220e-23
  2.47109873154164463e-26  1.96709380492445504e-29 -4.62937227746559794e-32
B0655+64   16-Jun-14   83000.00   56824.35416666660             8.771166  0.174 -8.271
   3540563961.692430    5.110620788131  aro  300   12   327.000 0.7598   0.9721
 -5.15781374056147046e-09  8.28273619578409337e-02 -3.10062830156420237e-05
 -2.64992399559441028e-07  4.68020718730602524e-11  2.39183854712515550e-13
 -2.84239250986679706e-17 -1.02670859962052169e-19  9.80876467280555418e-24
 -1.53141608146215226e-26 -2.32983690774469728e-30  5.66372960743319273e-31
B0655+64   16-Jun-14  133000.00   56824.56249999990             8.771166  0.172 -8.750
   3540655968.687515    5.110620788131  aro  300   12   327.000 0.9623   0.9721
 -1.05144047418334607e-09  6.50570633577850915e-03 -1.87995724846203477e-04
 -3.54712238867822865e-08  2.82202731675770292e-10  3.11326924822820139e-14
 -1.69620041469680408e-16 -1.23301461267496481e-20  5.63914493172130034e-23
  1.46312716277204758e-26 -3.39961529963525573e-29 -1.78662582020583334e-31
B0655+64   16-Jun-14  183000.00   56824.77083333320             8.771166  0.173 -8.554
   3540747946.174866    5.110620788131  aro  300   12   327.000 0.1648   0.9721
 -7.65811160471051300e-10 -8.65691631941084283e-02 -7.92397725736110879e-05
  2.43506617730448019e-07  1.18641076063503784e-10 -2.18525309815325847e-13
 -7.02674922597725409e-17  9.30124952549246844e-20  2.23066645264528008e-23
 -3.08944516493637908e-26 -1.58705895957249223e-29  9.86205369971575123e-32
B0655+64   16-Jun-14  233000.00   56824.97916666660             8.771167  0.174 -8.344
   3540839911.221433    5.110620788131  aro  300   12   327.000 0.3674   0.9721
  2.28091088182690027e-09 -6.49304284553892663e-02  1.41432034860176361e-04
  1.79047104739879106e-07 -2.11352781588805870e-10 -1.61153878450067609e-13
  1.25598801727465068e-16  6.82459051727803083e-20 -4.03419617100877386e-23
  1.64014574705770741e-26  2.83596362070896511e-29 -4.47300113709988357e-31
B0655+64   17-Jun-14   43000.00   56825.18749999990             8.771167  0.171 -8.751
   3540931898.479863    5.110620788131  aro  300   12   327.000 0.5699   0.9721
 -9.77259932049071023e-10  4.10252217738176911e-02  1.62808083665709713e-04
 -1.38357406134474702e-07 -2.44363194428308685e-10  1.24048144564396750e-13
  1.47594183623771541e-16 -5.31160163543601831e-20 -4.91094547014212727e-23
  3.48879824336800933e-26  2.03736487165169235e-29 -2.86733255366212400e-31
B0655+64   17-Jun-14   83000.00   56825.35416666660             8.771167  0.162 -8.258
   3541005508.043706    5.110620788131  aro  300   12   327.000 0.7319   0.9721
 -4.32479516446283353e-09  8.44289172606269706e-02  2.11931140549885916e-06
 -2.68698614465025607e-07 -3.03338214045988949e-12  2.42558449508742657e-13
  1.87648203241781049e-18 -1.04351915174545349e-19 -4.63638112283982060e-25
 -6.84381168623756925e-27 -3.20729820958621614e-31  4.34163643550511263e-31
B0655+64   17-Jun-14  133000.00   56825.56249999990             8.771167  0.160 -8.745
   3541097518.026131    5.110620788131  aro  300   12   327.000 0.9344   0.9721
 -9.52517475484582210e-10  2.21531489636019943e-02 -1.80800918723010676e-04
 -8.13191678073298913e-08  2.71572426816802149e-10  7.25078028693284187e-14
 -1.63625820052877516e-16 -3.02466295035680259e-20  5.54842462705632048e-23
  1.86757366205882734e-26 -4.48879893131830298e-29 -1.79299910761078884e-31
B0655+64   17-Jun-14  183000.00   56825.77083333320             8.771167  0.161 -8.580
   3541189499.632235    5.110620788131  aro  300   12   327.000 0.1369   0.9721
 -6.18487381860537144e-10 -7.84600463830604083e-02 -1.08057360051361636e-04
  2.20373115444987281e-07  1.61764009351602063e-10 -1.97972029162428172e-13
 -9.59214732947309743e-17  8.46173627046883081e-20  3.00640112458371577e-23
 -2.81167092228805567e-26 -1.38830615928468732e-29  8.15765931782876513e-32
B0655+64   17-Jun-14  233000.00   56825.97916666660             8.771168  0.162 -8.298
   3541281464.272603    5.110620788131  aro  300   12   327.000 0.3395   0.9721
  2.27505967439600026e-09 -7.52703621799542116e-02  1.17257421003573399e-04
  2.11082776907375488e-07 -1.75122987486189710e-10 -1.89678006481179175e-13
  1.03894576341306829e-16  7.97870599872539204e-20 -3.28396502276153827e-23
  1.95350394681498776e-26  1.80656041405399787e-29 -5.05538011454095205e-31
B0655+64   18-Jun-14   43000.00   56826.18749999990             8.771168  0.159 -8.771
   3541373447.329591    5.110620788131  aro  300   12   327.000 0.5420   0.9721
 -5.88445737883386277e-10  2.73416097234816871e-02  1.77408423515522558e-04
 -9.61509315053579217e-08 -2.66143774456014428e-10  8.58507992164475002e-14
  1.60391570702113858e-16 -3.61871929253592420e-20 -5.28638224298631290e-23
  2.32736337441183299e-26  2.15079257098390679e-29 -1.77732031930158682e-31
B0655+64   18-Jun-14   83000.00   56826.35416666660             8.771168  0.150 -8.253
   3541447054.934294    5.110620788131  aro  300   12   327.000 0.7040   0.9721
 -4.35754021321094198e-09  8.32904957048070799e-02  3.51905872402984217e-05
 -2.64154989823048983e-07 -5.27848075094973232e-11  2.38404523318610821e-13
  3.21011504315302078e-17 -1.02132055069489361e-19 -9.73812599886472138e-24
 -2.18932941835337612e-26 -1.53271608860846105e-29  6.64395898672519381e-31
B0655+64   18-Jun-14  133000.00   56826.56249999990             8.771168  0.148 -8.706
   3541539067.283002    5.110620788131  aro  300   12   327.000 0.9065   0.9721
 -1.43141714811518411e-09  3.69757987030451402e-02 -1.68062417889190772e-04
 -1.24711629086983126e-07  2.52594278376172382e-10  1.11758571957354735e-13
 -1.52529030465393730e-16 -4.75028605964465823e-20  5.21205169221149568e-23
  2.43597548013619963e-26 -3.94771754270973913e-29 -1.74851232279323648e-31
B0655+64   18-Jun-14  183000.00   56826.77083333320             8.771168  0.149 -8.601
   3541631053.256637    5.110620788131  aro  300   12   327.000 0.1091   0.9721
 -9.45812465456483120e-10 -6.80990352884613820e-02 -1.33580119166396428e-04
  1.90501592776531215e-07  2.00004438411196960e-10 -1.71393530072287273e-13
 -1.18807098386605240e-16  7.39780341326081405e-20  3.81119297821577858e-23
 -3.74630664617023070e-26 -2.77803970644917338e-29  2.71487956251713776e-31
B0655+64   18-Jun-14  233000.00   56826.97916666660             8.771169  0.150 -8.261
   3541723018.257525    5.110620788131  aro  300   12   327.000 0.3116   0.9721
  3.14273889702974818e-09 -8.34570857683460121e-02  8.95043660391742880e-05
  2.36674659606072641e-07 -1.33586416270743194e-10 -2.12437059584190862e-13
  7.91723770220102977e-17  8.93354222946322170e-20 -2.55918014880222170e-23
  6.78027269569592212e-27  2.36114591502819436e-29 -3.39823326602998889e-31
B0655+64   19-Jun-14   43000.00   56827.18749999990             8.771169  0.147 -8.773
   3541814997.317314    5.110620788131  aro  300   12   327.000 0.5141   0.9721
 -8.12600474972904885e-10  1.26761277493568081e-02  1.86581611682569919e-04
 -5.10163493964213989e-08 -2.79748042514025734e-10  4.50974710794561018e-14
  1.68178503501692202e-16 -1.84013272363850945e-20 -5.42439166461327554e-23
  1.75296718776665267e-26  1.03003493270631813e-29 -1.82251073508466298e-31
B0655+64   19-Jun-14   83000.00   56827.35416666660             8.771169  0.138 -8.259
   3541888602.479301    5.110620788131  aro  300   12   327.000 0.6761   0.9721
 -4.99109791528024732e-09  7.94588687290060935e-02  6.71914175866479465e-05
 -2.51504024849984627e-07 -1.00908343909422693e-10  2.26867656646192636e-13
  6.12934841387371768e-17 -9.70657030472351111e-20 -1.86979541381542229e-23
 -1.67707259422894803e-26 -2.73878251738871112e-29  5.54530222144868363e-31
B0655+64   19-Jun-14  133000.00   56827.56249999990             8.771169  0.135 -8.671
   3541980616.504105    5.110620788131  aro  300   12   327.000 0.8787   0.9721
 -1.48169465022038316e-09  5.05306092839797882e-02 -1.50168696332728379e-04
 -1.64312942758123576e-07  2.25836309975815405e-10  1.47652635446957551e-13
 -1.36649829802814078e-16 -6.32728151173587787e-20  4.73185462369215063e-23
  2.59610668653830735e-26 -3.90673675626440192e-29 -1.32588335178449170e-31
B0655+64   19-Jun-14  183000.00   56827.77083333320             8.771169  0.137 -8.640
   3542072606.963751    5.110620788131  aro  300   12   327.000 0.0812   0.9721
 -3.75095212485840324e-10 -5.57915773360021655e-02 -1.55027520210979103e-04
  1.54797921554264359e-07  2.32195101134696145e-10 -1.39561186623230649e-13
 -1.38209096552653090e-16  6.05080702621057746e-20  4.53348631927702206e-23
 -2.03445397588119416e-26 -4.43020442594388347e-29  4.57338498445207664e-32
B0655+64   19-Jun-14  233000.00   56827.97916666660             8.771169  0.138 -8.234
   3542164573.084156    5.110620788131  aro  300   12   327.000 0.2837   0.9721
  3.21893971585085134e-09 -8.92296327805019718e-02  5.90217344558606409e-05
  2.55048933596572867e-07 -8.80066504383778655e-11 -2.28760180029855161e-13
  5.21539409664843457e-17  9.59408688080627501e-20 -1.83273863241774656e-23
  8.82496715866782077e-27  3.95655634302117446e-29 -4.11605574477015761e-31
B0655+64   20-Jun-14   43000.00   56828.18749999990             8.771170  0.135 -8.759
   3542256548.476634    5.110620788131  aro  300   12   327.000 0.4862   0.9721
 -4.25770284914056552e-11 -2.51025426271836742e-03  1.90050538468289012e-04
 -4.34118142681711163e-09 -2.84779060175012106e-10  3.05269279203409303e-15
  1.70810938167123065e-16 -1.41953625318872052e-22 -5.55979292116356817e-23
  8.44870461877222484e-27  2.60292909880443855e-29 -1.28761226822313843e-31
