1012+5307  18-Jan-14  163000.00   56675.68750000000             9.007278 -0.211 -7.201
 122573401388.269638  190.267837701386 lofar 300   12   150.000 0.5353   1.6538
 -2.19118121893430162e-08  8.53125458849392393e-01  1.85888578352567707e-03
 -5.32399486992084774e-06 -8.06417112218459548e-09  1.38431216260037536e-11
  1.40114637440648630e-14 -1.71566787255507952e-17 -1.30853869619065163e-20
  1.20838456835762604e-23  6.69519637298465625e-27 -1.17296098198535227e-30
1012+5307  18-Jan-14  213000.00   56675.89583333330             9.007278 -0.210 -7.516
 122576826463.034143  190.267837701386 lofar 300   12   150.000 0.8798   1.6538
 -3.26439683270840497e-08  3.22853618051486546e-01 -2.87775248610682832e-03
 -7.37555056645712122e-07  1.24501229116328925e-08  1.87507409431800181e-12
 -2.16071088169238294e-14 -2.23091801373047446e-18  2.01103217570014159e-20
  1.02202302489992035e-24 -1.15307890634367818e-26  5.66771478976527344e-30
1012+5307  19-Jan-14   23000.00   56676.10416666660             9.007278 -0.201 -7.648
 122580251192.497968  190.267837701386 lofar 300   12   150.000 0.2244   1.6538
 -1.64570279599998703e-08 -4.75045185592328778e-01  1.33678769789110871e-03
  6.11977349573066622e-06 -5.85757888499056461e-09 -1.59201964912501985e-11
  1.01618743494436286e-14  1.96936065818761927e-17 -9.32137407901484766e-21
 -1.39771406096955832e-23  4.65011254249878034e-27  3.52392529017389724e-30
1012+5307  19-Jan-14   73000.00   56676.31250000000             9.007278 -0.194 -7.201
 122583676081.341617  190.267837701386 lofar 300   12   150.000 0.5689   1.6538
 -1.78090701907773763e-08  9.27344722613415606e-01  1.34213402381617758e-03
 -6.10810508246443878e-06 -5.85463298716433052e-09  1.59451638568240192e-11
  1.01924212822200690e-14 -1.98168179405895275e-17 -9.55032587997828742e-21
  1.41337166343012606e-23  5.16172008890729123e-27 -2.70132315258968604e-30
1012+5307  19-Jan-14  123000.00   56676.52083333330             9.007278 -0.195 -7.548
 122587101130.592113  190.267837701386 lofar 300   12   150.000 0.9135   1.6538
 -2.74058039092389683e-08  1.36776714552941908e-01 -2.85767809940358367e-03
  7.50796117180345354e-07  1.24128664271827188e-08 -1.95742511560825240e-12
 -2.15610526806337534e-14  2.50337417721964893e-18  2.00335298139676937e-20
 -2.49669962087028641e-24 -1.14885238987061829e-26  8.84696274884083206e-30
1012+5307  19-Jan-14  163000.00   56676.68750000000             9.007278 -0.198 -7.502
 122589840901.885223  190.267837701386 lofar 300   12   150.000 0.1891   1.6538
  2.97345795164868920e-08 -5.44072301155218430e-01  7.69370409248501422e-04
  6.67013315430719395e-06 -3.32922989038772128e-09 -1.73759378611685490e-11
  5.74140189842171911e-15  2.14882334082103645e-17 -5.26096971772614702e-21
 -1.52805347574909826e-23  2.83068224633320231e-27  6.46128875763488525e-30
1012+5307  19-Jan-14  213000.00   56676.89583333330             9.007277 -0.197 -7.507
 122593265748.154620  190.267837701386 lofar 300   12   150.000 0.5337   1.6538
 -2.62000657315353269e-08  8.31287064412642551e-01  1.86448528889661728e-03
 -5.28357713660266625e-06 -8.13505234785700734e-09  1.37284915862871233e-11
  1.41657398706023566e-14 -1.70236286535696063e-17 -1.33058834935210786e-20
  1.24113891221522477e-23  7.81949463353064814e-27 -5.61593962047664529e-30
1012+5307  20-Jan-14   23000.00   56677.10416666660             9.007277 -0.188 -7.549
 122596690817.241863  190.267837701386 lofar 300   12   150.000 0.8782   1.6538
  1.02726763206995031e-09  3.05652510928126897e-01 -2.88262682553373090e-03
 -7.85894916753178253e-07  1.24490252063303695e-08  2.03807940717801990e-12
 -2.15925092658480361e-14 -2.46895803319561530e-18  2.01384853017686129e-20
  1.95905654055360006e-24 -1.22730678437371997e-26 -5.65595883549440203e-30
1012+5307  20-Jan-14   73000.00   56677.31250000000             9.007277 -0.181 -7.426
 122600115540.155276  190.267837701386 lofar 300   12   150.000 0.2227   1.6538
  7.93948481247336302e-08 -5.02575650391426043e-01  1.32336262820850455e-03
  6.17001500892449541e-06 -5.76431953523814520e-09 -1.60225796741339164e-11
  9.97779154343895282e-15  1.98140357709884503e-17 -9.14159483547256549e-21
 -1.44068634271581835e-23  4.49741246674914351e-27  9.35980241452461988e-30
1012+5307  20-Jan-14  123000.00   56677.52083333330             9.007277 -0.182 -7.545
 122603540421.293304  190.267837701386 lofar 300   12   150.000 0.5673   1.6538
 -9.10037139222052982e-09  9.09393575417264621e-01  1.38283280560942755e-03
 -6.08807778326961459e-06 -5.99132672751704280e-09  1.58701646540391413e-11
  1.04048226976394612e-14 -1.97055212857280801e-17 -9.74906212569294585e-21
  1.36311650342609373e-23  5.36231236946497275e-27  5.29842802744450918e-30
1012+5307  20-Jan-14  163000.00   56677.68750000000             9.007277 -0.185 -7.331
 122606280485.676870  190.267837701386 lofar 300   12   150.000 0.8429   1.6538
 -2.00991383328408268e-08  4.74377619521717364e-01 -2.71595476343474470e-03
 -2.29807342440020551e-06  1.17948804017264788e-08  5.94950005808259025e-12
 -2.05132795014704639e-14 -7.29437607544267226e-18  1.91608632303219782e-20
  4.55527283238691698e-24 -1.10519967443796450e-26  5.70091177009004265e-30
1012+5307  20-Jan-14  213000.00   56677.89583333330             9.007277 -0.183 -7.612
 122609705237.317970  190.267837701386 lofar 300   12   150.000 0.1875   1.6538
  2.70621529005476980e-09 -5.62958141798142409e-01  7.23738596076556090e-04
  6.68338838935276334e-06 -3.17809070895801112e-09 -1.74190087622472275e-11
  5.50988821919351240e-15  2.15575209576250793e-17 -5.06202300132095683e-21
 -1.57943387772897404e-23  2.61883525356803700e-27  1.27500372777895213e-29
1012+5307  21-Jan-14   23000.00   56678.10416666660             9.007277 -0.174 -7.503
 122613130075.147819  190.267837701386 lofar 300   12   150.000 0.5320   1.6538
 -1.85922980344699340e-08  8.00404761596609005e-01  1.87904995627615054e-03
 -5.21420288208602303e-06 -8.21977931545093407e-09  1.35848135462086918e-11
  1.43267966908303091e-14 -1.68687258094995175e-17 -1.34791388379289619e-20
  1.27163304250129470e-23  8.22353681129186242e-27 -1.31584536602651193e-29
1012+5307  21-Jan-14   73000.00   56678.31250000000             9.007277 -0.167 -7.340
 122616555137.261337  190.267837701386 lofar 300   12   150.000 0.8766   1.6538
 -7.76642585832709731e-09  2.90123983432996113e-01 -2.86610813761403261e-03
 -8.39944121718083890e-07  1.24129484187949697e-08  2.20639835384505601e-12
 -2.15526430707416958e-14 -2.67804405773857779e-18  2.00700025813534061e-20
  1.67471573195671339e-24 -1.13936162330006463e-26  6.83688210846999671e-32
1012+5307  21-Jan-14  123000.00   56678.52083333330             9.007277 -0.168 -7.637
 122619979855.640611  190.267837701386 lofar 300   12   150.000 0.2211   1.6538
 -3.29402277763485296e-09 -5.20370911162237437e-01  1.31139639848164486e-03
  6.18852146307670365e-06 -5.67288781377487037e-09 -1.60937148413766648e-11
  9.79465983083683205e-15  1.99167218245127207e-17 -8.98407996528438226e-21
 -1.46823226697494231e-23  4.65071119226114899e-27  1.24452219647781085e-29
1012+5307  21-Jan-14  160000.00   56678.66666666660             9.007277 -0.171 -7.252
 122622377219.810481  190.267837701386 lofar 300   12   150.000 0.4623   1.6538
 -4.66825537861342843e-08  5.16736897825888941e-01  2.64540670187369967e-03
 -2.79890955652045552e-06 -1.14744038421143759e-08  7.25844838168604869e-12
  1.99222720865445193e-14 -8.94142279080732484e-18 -1.85963345589146442e-20
  6.31779520371606736e-24  1.04744824073529418e-26 -2.87005285421305332e-30
1012+5307  21-Jan-14  210000.00   56678.87499999990             9.007277 -0.171 -7.481
 122625802294.649831  190.267837701386 lofar 300   12   150.000 0.8068   1.6538
 -1.11499562655686946e-08  6.20905907214915009e-01 -2.44808123208308101e-03
 -3.71768246194246202e-06  1.05916279709005821e-08  9.64130909557132804e-12
 -1.84083385558485531e-14 -1.19206485887583533e-17  1.72566833421066665e-20
  9.03945123938719665e-24 -1.04383749649164859e-26 -1.13122767265796654e-29
1012+5307  22-Jan-14   20000.00   56679.08333333320             9.007277 -0.162 -7.620
 122629227075.725165  190.267837701386 lofar 300   12   150.000 0.1514   1.6538
  7.49656556991475098e-09 -6.13491716354115479e-01  7.06119296785750957e-05
  6.92936076025886688e-06 -3.67656494606586851e-10 -1.80241367824573924e-11
  6.59102813859764362e-16  2.22782999983701729e-17 -5.60707969428420679e-22
 -1.61137878341942056e-23 -5.19428646175905388e-28  1.05046583855729764e-29
1012+5307  22-Jan-14   70000.00   56679.29166666660             9.007277 -0.154 -7.243
 122632651864.442130  190.267837701386 lofar 300   12   150.000 0.4959   1.6538
 -7.07107608143714428e-08  6.43459390844395851e-01  2.32953882082294643e-03
 -4.03713062909449743e-06 -1.01433289397333436e-08  1.05399795663111642e-11
  1.76435853381600065e-14 -1.30584756010793523e-17 -1.65162150713328428e-20
  9.33492707590691197e-24  9.41523715136737384e-27 -3.97222214475585961e-30
1012+5307  22-Jan-14  120000.00   56679.49999999990             9.007277 -0.155 -7.458
 122636076931.819778  190.267837701386 lofar 300   12   150.000 0.8405   1.6538
 -2.69912907753522280e-08  4.51342682621602265e-01 -2.69882143514473070e-03
 -2.37692549054090422e-06  1.17263033739546577e-08  6.19167756449539100e-12
 -2.03992565091965419e-14 -7.63900532911021955e-18  1.90873333762262486e-20
  5.79972433629774186e-24 -1.14450128811456039e-26 -8.52597692243644304e-30
1012+5307  22-Jan-14  160000.00   56679.66666666660             9.007277 -0.158 -7.424
 122638816748.498494  190.267837701386 lofar 300   12   150.000 0.1161   1.6538
  1.64667338965751586e-09 -6.04135032983285303e-01 -5.39241032429619519e-04
  6.79391848654595150e-06  2.34647724107190909e-09 -1.76948108970690607e-11
 -4.08043259090239401e-15  2.18804360940673986e-17  3.74979570410208508e-21
 -1.56913930771418716e-23 -1.92210909270097820e-27  8.57595488296903542e-30
1012+5307  22-Jan-14  210000.00   56679.87499999990             9.007277 -0.157 -7.499
 122642241500.997687  190.267837701386 lofar 300   12   150.000 0.4607   1.6538
 -2.78423183067838531e-08  4.93007789935412111e-01  2.64061540784065385e-03
 -2.74086855222601649e-06 -1.14990838061797004e-08  7.09484188419964182e-12
  1.99934978793484860e-14 -8.74916980702704157e-18 -1.86719755456505398e-20
  6.77805843366931562e-24  1.05843567831390729e-26 -1.08066088106987779e-29
1012+5307  23-Jan-14   20000.00   56680.08333333320             9.007277 -0.148 -7.557
 122645666569.346472  190.267837701386 lofar 300   12   150.000 0.8052   1.6538
  3.60659904285326460e-08  6.02573156143526467e-01 -2.44137787626068576e-03
 -3.75657457132107667e-06  1.05369647990583019e-08  9.77796190120670662e-12
 -1.82971214368310786e-14 -1.21004373069204988e-17  1.71406357054860095e-20
  8.82317842332922306e-24 -1.03249173447684341e-26 -4.97427357158747427e-30
1012+5307  23-Jan-14   70000.00   56680.29166666660             9.007277 -0.141 -7.463
 122649091344.402286  190.267837701386 lofar 300   12   150.000 0.1497   1.6538
  1.77754050743471510e-08 -6.38102640406418842e-01  5.26782554755811057e-05
  6.94972608901441461e-06 -2.57592756064557053e-10 -1.80463572669407727e-11
  4.50754772318923198e-16  2.22796558921027116e-17 -4.92219206547116627e-22
 -1.56551261368115478e-23  1.54535889150888907e-27  3.97063303221541827e-30
1012+5307  23-Jan-14  120000.00   56680.49999999990             9.007277 -0.141 -7.502
 122652516125.369000  190.267837701386 lofar 300   12   150.000 0.4943   1.6538
  8.46331662911203875e-09  6.21888130719191690e-01  2.36211957781912651e-03
 -3.99075216515869246e-06 -1.02427425043382100e-08  1.03994792393956019e-11
  1.77883087324518073e-14 -1.28954756423682429e-17 -1.66036354814553142e-20
  9.99579083447312033e-24  8.86922301575024206e-27 -1.48143144043529708e-29
