1136+1551  18-Jan-14  133000.00   56675.56250000000             4.864056 -0.767 -9.535
    746858471.136389    0.841812442909 gmrt  300   12   150.000                
 -7.82502543594307259e-11  3.73388245470475345e-03  9.97301892024055019e-08
 -1.47011469538378237e-10 -1.89913236825197170e-13  1.40130552115660701e-16
  1.17437895882653199e-19 -2.52301220949896420e-23  1.34267369941821435e-25
 -1.28849689676777848e-27 -2.93717374438849376e-30  1.60178565455373435e-32
1136+1551  18-Jan-14  183000.00   56675.77083333330             4.864056 -0.768 -9.833
    746873624.884405    0.841812442909 gmrt  300   12   150.000                
 -8.46248814645483876e-11  3.74058705649288293e-03 -8.64184586453714031e-08
 -2.05509468920130872e-10  1.06845865209161105e-13  1.96639302738916981e-16
 -6.56037445993112563e-20 -7.19017841311748885e-23 -8.11025293951944460e-26
 -1.33136685592055801e-27  1.51810674820941735e-30  2.73879877292384332e-32
1136+1551  18-Jan-14  233000.00   56675.97916666660             4.864056 -0.751 -9.788
    746888778.618501    0.841812442909 gmrt  300   12   150.000                
 -9.56702470731285416e-11  3.65135598779572738e-03 -1.72792313309693166e-07
  4.19187975083342547e-11  2.44515557177576188e-13 -3.94576179432778186e-17
 -1.54386018133619218e-19 -5.03632026945028691e-23 -1.11110232143608694e-26
  2.79442982088398510e-27  8.01379994554428135e-31 -4.21863609085032712e-32
1136+1551  19-Jan-14   43000.00   56676.18750000000             4.864056 -0.737 -9.558
    746903932.325242    0.841812442909 gmrt  300   12   150.000                
 -7.90113811805729165e-11  3.58168709162712522e-03 -3.08780109242525108e-08
  2.26784998890711180e-10  1.80461687315293045e-14 -2.17635548188408502e-16
 -1.49893700687975847e-20  1.35465822050830674e-22  1.53854508388229735e-25
 -1.17644149459902909e-27 -2.33430708891756705e-30  1.28408018044918750e-32
1136+1551  19-Jan-14   93000.00   56676.39583333330             4.864056 -0.744 -9.805
    746919086.026694    0.841812442909 gmrt  300   12   150.000                
 -1.18662704812774323e-10  3.61787117083411979e-03  1.27851122594921707e-07
  7.37610734012427662e-11 -2.35334254120467842e-13 -7.05316550995283810e-17
  1.49933910827000418e-19  2.77860267477146236e-23 -3.03307020743688396e-26
 -8.47761470232520911e-29 -4.22981933675776072e-31  3.51504060791867235e-33
1136+1551  19-Jan-14  133000.00   56676.56250000000             4.864056 -0.756 -9.533
    746931209.001739    0.841812442909 gmrt  300   12   150.000                
  7.68426372861660863e-11  3.67854142633861243e-03  9.75857987627683953e-08
 -1.49975922829496221e-10 -1.87095962277184909e-13  1.43039402509865359e-16
  1.13372072956537847e-19 -3.99808840951776033e-23  2.15555033928753223e-25
 -5.24548410308492081e-28 -3.87008342373439716e-30  1.96262737715907695e-33
1136+1551  19-Jan-14  183000.00   56676.77083333330             4.864056 -0.757 -9.817
    746946362.732908    0.841812442909 gmrt  300   12   150.000                
 -3.37386717816068316e-11  3.68354416160728742e-03 -8.92246957429706073e-08
 -2.03797925435655861e-10  1.10711715053935672e-13  1.95038317753022641e-16
 -6.97171740695058559e-20 -8.06989018595540779e-23 -9.99048436261867458e-27
 -7.27681185283842528e-28  4.11375609541147588e-31  1.57210370399737041e-32
1136+1551  19-Jan-14  233000.00   56676.97916666660             4.864056 -0.739 -9.799
    746961516.449710    0.841812442909 gmrt  300   12   150.000                
 -6.23555177098541888e-11  3.59341013061371169e-03 -1.72667398973351032e-07
  4.57589627435932433e-11  2.43715332086038298e-13 -4.34774825772291344e-17
 -1.56458775789960120e-19 -7.81667592595175938e-24  9.40204262147642377e-26
  8.52724866845825142e-28 -6.96876280167316119e-31 -1.00507529450701823e-32
1136+1551  20-Jan-14   43000.00   56677.18750000000             4.864056 -0.726 -9.545
    746976670.139168    0.841812442909 gmrt  300   12   150.000                
 -1.73233791118299756e-10  3.52463038267187591e-03 -2.85937558155735935e-08
  2.27036096228269454e-10  1.37743729402764398e-14 -2.18228871926579058e-16
 -1.18123859859330368e-20  1.70925245831629649e-22  1.19310151592106851e-25
 -2.69633653932198851e-27 -1.61399521555047828e-30  3.64826706102349291e-32
1136+1551  20-Jan-14   93000.00   56677.39583333330             4.864056 -0.733 -9.830
    746991823.823681    0.841812442909 gmrt  300   12   150.000                
 -1.95496680587884803e-10  3.56182018767981293e-03  1.28307333530970917e-07
  7.00500242570745196e-11 -2.36692551848382266e-13 -6.71269972487210829e-17
  1.51288545357567426e-19  4.62945344291811131e-23 -5.02369309324270663e-26
 -1.09549692458226902e-27 -1.99002113286488803e-31  2.05654695245131129e-32
1136+1551  20-Jan-14  130000.00   56677.54166666660             4.864056 -0.744 -9.547
    747002431.414274    0.841812442909 gmrt  300   12   150.000                
 -2.46273404288030332e-10  3.61593721210649605e-03  1.08135645948635415e-07
 -1.29528410218570551e-10 -2.04553420743538826e-13  1.23328814400807723e-16
  1.25936035663854382e-19 -1.07244632981755342e-23  1.48733009694508188e-25
 -1.58062151696864232e-27 -2.83558720677503586e-30  2.05846180002728508e-32
1136+1551  20-Jan-14  180000.00   56677.74999999990             4.864056 -0.747 -9.828
    747017585.127984    0.841812442909 gmrt  300   12   150.000                
 -9.79238272307898810e-11  3.63031413578889135e-03 -7.32615812677794209e-08
 -2.14001072628632614e-10  8.46713441358624386e-14  2.06207789580529259e-16
 -5.73472419877438464e-20 -2.12534829702620995e-22  1.74358075654753866e-25
  4.42079244441048876e-27 -2.50640996442746016e-30 -6.08751206769960620e-32
1136+1551  20-Jan-14  230000.00   56677.95833333320             4.864056 -0.730 -9.822
    747032738.829802    0.841812442909 gmrt  300   12   150.000                
  2.09937096977182299e-10  3.54479466599281253e-03 -1.75636691305879787e-07
  2.01038583882663572e-11  2.47789322830173998e-13 -1.88709247284940679e-17
 -1.54273119790450639e-19 -2.04452627142975201e-23 -1.03702335844612571e-25
  7.88617810005174570e-28  2.27115067058627883e-30 -7.50982714314455898e-33
1136+1551  21-Jan-14   40000.00   56678.16666666660             4.864055 -0.715 -9.566
    747047892.503804    0.841812442909 gmrt  300   12   150.000                
 -2.42430891302523254e-10  3.46865414118731124e-03 -4.66455657344694318e-08
  2.24130275886735616e-10  4.19517872999753597e-14 -2.15399092492159832e-16
 -2.90048590848101674e-20  1.67896776650603166e-22  8.44432002547306835e-26
 -2.73679302046255765e-27 -8.34564885919611053e-31  3.86909577206815001e-32
1136+1551  21-Jan-14   90000.00   56678.37499999990             4.864055 -0.720 -9.832
    747063046.170044    0.841812442909 gmrt  300   12   150.000                
 -5.43058923602772472e-11  3.49712697636823597e-03  1.21485732043040484e-07
  9.42186196396531807e-11 -2.26433202954433007e-13 -8.96864829188626840e-17
  1.46374973285702349e-19  1.30992804400573447e-24 -1.43491582819144618e-25
  1.24344451438689576e-27  1.64055539232189258e-30 -1.49361573219611727e-32
1136+1551  21-Jan-14  130000.00   56678.54166666660             4.864055 -0.732 -9.560
    747075169.116040    0.841812442909 gmrt  300   12   150.000                
 -2.75573221328790777e-10  3.55843067048807957e-03  1.06198277277397806e-07
 -1.32729822164820394e-10 -2.02136263151874084e-13  1.27286476629133934e-16
  1.29366775118880409e-19 -9.61224659129521509e-23 -6.59037208256478501e-26
  1.78561570780254816e-27  4.49617019284321899e-31 -2.82802858326401963e-32
1136+1551  21-Jan-14  180000.00   56678.74999999990             4.864055 -0.735 -9.862
    747090322.812264    0.841812442909 gmrt  300   12   150.000                
 -1.64115232476789372e-10  3.57114298038268890e-03 -7.61681744213097477e-08
 -2.12634760927097053e-10  8.86941950182397712e-14  2.04207086082522440e-16
 -6.08719638809495081e-20 -1.51749082664804632e-22  2.10580096017312068e-25
  2.10639454345810863e-27 -2.95285222045547354e-30 -2.80110392439943941e-32
1136+1551  21-Jan-14  230000.00   56678.95833333320             4.864055 -0.718 -9.795
    747105476.496133    0.841812442909 gmrt  300   12   150.000                
  7.18108399333565418e-11  3.48459514339288182e-03 -1.75767158349452104e-07
  2.39981704652971803e-11  2.47394965281518711e-13 -2.27904577330608537e-17
 -1.55487423331921213e-19  4.12868309555157696e-24 -6.62444433165988374e-26
 -2.30634965093101628e-28  2.00961198011808070e-30  8.16925911412247862e-33
1136+1551  22-Jan-14   40000.00   56679.16666666660             4.864055 -0.703 -9.576
    747120630.152156    0.841812442909 gmrt  300   12   150.000                
 -4.24870020607713144e-10  3.40924397274827403e-03 -4.43888828831307949e-08
  2.24756095924283612e-10  3.77137956105527714e-14 -2.15935056194421611e-16
 -2.51019625049401064e-20  1.61918678531462959e-22  3.50517901950658087e-26
 -2.53627381629071292e-27 -1.28016287720126209e-31  3.70553924819306203e-32
1136+1551  22-Jan-14   90000.00   56679.37499999990             4.864055 -0.709 -9.844
    747135783.800759    0.841812442909 gmrt  300   12   150.000                
 -1.26989334575233065e-10  3.43879834300265131e-03  1.22185198543840451e-07
  9.06425469594440971e-11 -2.28141404665657038e-13 -8.59048460055853677e-17
  1.44042601192887735e-19 -3.55286887868217360e-23  8.52629564951586091e-27
  2.81435829604359916e-27 -7.56534879605363535e-31 -4.05632908707844360e-32
1136+1551  22-Jan-14  130000.00   56679.54166666660             4.864055 -0.721 -9.560
    747147906.732745    0.841812442909 gmrt  300   12   150.000                
 -3.01873511488720825e-10  3.49978380981662849e-03  1.04223525807766847e-07
 -1.35887150394883932e-10 -1.99595052955022033e-13  1.29837715626909805e-16
  1.26111036001068616e-19 -4.69852230242808201e-23  5.07333833391100948e-27
 -4.31240147699049191e-28 -6.14896015632979445e-31  6.22318248502330398e-33
1136+1551  22-Jan-14  180000.00   56679.74999999990             4.864055 -0.723 -9.829
    747163060.411138    0.841812442909 gmrt  300   12   150.000                
 -1.89808831998531379e-10  3.51082427585555287e-03 -7.90580410794530756e-08
 -2.11208085152722602e-10  9.26775729086827151e-14  2.02631527029486844e-16
 -6.28265466487819001e-20 -1.34333614580917659e-22  1.80677569102069951e-25
  1.51655995103060601e-27 -2.50208623307319246e-30 -2.00970086783957569e-32
1136+1551  22-Jan-14  230000.00   56679.95833333320             4.864055 -0.706 -9.812
    747178214.076717    0.841812442909 gmrt  300   12   150.000                
  7.47728804818274844e-11  3.42327012059314003e-03 -1.75851427698843492e-07
  2.78858736606931006e-11  2.46902635025771972e-13 -2.67097965160060082e-17
 -1.55829354505492390e-19  2.80919918464678543e-23 -5.42497819925773859e-27
 -1.30342025956396307e-27  6.53817705149759444e-31  2.64587956090451011e-32
1136+1551  23-Jan-14   40000.00   56680.16666666660             4.864055 -0.691 -9.597
    747193367.714428    0.841812442909 gmrt  300   12   150.000                
 -2.15244083557938063e-10  3.34872697777861090e-03 -4.21251544326290570e-08
  2.25316719092323596e-10  3.34626252132644540e-14 -2.16758508961499962e-16
 -2.13416527035042307e-20  1.87743193933856048e-22  1.13766421057321668e-26
 -3.47907390500871221e-27 -1.36310477493180886e-31  4.90322254526243035e-32
1136+1551  23-Jan-14   90000.00   56680.37499999990             4.864055 -0.697 -9.822
    747208521.345061    0.841812442909 gmrt  300   12   150.000                
 -2.75763532350554991e-11  3.37935043081048986e-03  1.22842385928803340e-07
  8.70448499130287431e-11 -2.29810452153311850e-13 -8.30998265689546606e-17
  1.44504301297442710e-19  1.68813298362992722e-23  3.86683567303334472e-26
  6.71441701060245058e-28 -1.24441904116201092e-30 -8.39450806770461714e-33
